1|12|22|18|10|20|10|20|21|64|874.41;
2|4|23|11|18|2|11|9|3|31|364.61;
3|18|14|1|22|14|20|22|3|59|540.7;
4|5|4|14|20|19|5|5|7|54|627;
5|6|16|19|14|21|22|2|3|16|227.16;
6|11|14|18|8|24|18|7|6|58|778.14;
7|23|18|20|19|0|14|15|2|40|457.09;
8|2|5|23|12|3|1|8|11|20|172.41;
9|21|19|14|13|10|17|15|4|72|668.79;
10|11|5|12|1|18|21|0|11|28|322.18;
11|22|9|17|10|5|5|14|2|39|382.48;
12|6|20|14|5|23|23|13|11|72|1045.13;
13|0|0|5|2|20|0|2|3|69|972.8;
14|23|3|15|20|2|7|6|3|38|531.64;
15|18|24|15|0|18|4|19|12|24|342.01;
16|11|2|14|1|13|6|3|5|80|730.53;
17|14|23|10|18|21|14|22|13|71|774.44;
18|23|13|13|19|2|24|11|24|34|300.51;
19|21|19|15|8|9|3|18|20|39|523.32;
20|23|21|23|21|0|18|8|4|25|192.57;
21|20|18|24|21|8|13|21|17|45|575.52;
22|19|12|10|23|12|7|16|23|71|656.69;
23|14|21|2|16|15|9|21|13|21|220.37;
24|18|2|7|6|9|4|24|18|63|888.95;
25|22|6|8|12|15|5|4|7|79|661.71;
26|9|17|12|8|14|14|6|0|65|752.2;
27|12|18|5|18|4|24|16|19|56|646.92;
28|7|24|15|19|8|14|17|13|37|462.88;
29|4|10|2|0|12|6|2|12|47|385.49;
30|21|15|18|17|15|14|4|19|47|592.51;
31|7|23|6|1|24|18|1|12|44|657.77;
32|23|14|9|16|23|6|24|22|19|264.44;
33|16|4|12|3|24|24|4|16|66|587.29;
34|17|19|1|5|1|24|18|17|59|539.78;
35|21|0|14|23|0|16|19|2|50|551.45;
36|22|20|11|11|10|19|21|3|24|290.67;
37|8|18|7|5|23|17|19|24|69|927.29;
38|23|21|21|10|12|0|19|15|26|374.02;
39|14|14|18|7|17|11|6|8|48|630.96;
40|4|0|10|2|6|10|19|17|38|515.33;
41|2|13|7|2|2|9|19|12|44|541.9;
42|5|2|22|22|8|20|18|20|37|351.23;
43|14|7|15|10|23|4|11|6|59|703;
44|7|24|4|8|20|1|7|3|42|517.48;
45|6|19|11|22|8|12|8|2|40|367.55;
46|7|12|10|23|8|11|17|24|26|225.4;
47|10|15|6|7|19|2|1|23|78|1019.96;
48|5|17|1|1|11|7|9|11|76|1099.05;
49|8|2|13|7|6|17|2|12|64|680.87;
50|17|13|13|3|8|8|11|19|57|465.95;
51|14|16|18|23|11|23|10|6|46|549.65;
52|10|17|3|19|10|4|21|21|47|362.22;
53|9|0|1|1|12|17|18|3|28|346.57;
54|22|5|23|22|4|20|22|0|33|310.93;
55|0|21|1|24|3|3|16|6|26|361.7;
56|11|5|3|12|9|15|3|24|39|346.56;
57|20|2|8|22|20|2|6|14|19|276.52;
58|2|7|24|11|3|16|14|9|25|370.31;
59|3|2|17|2|3|11|1|17|41|455.54;
60|4|2|1|1|3|15|8|3|72|864.28;
61|16|2|8|6|13|16|16|21|57|798.87;
62|24|1|11|2|7|13|21|22|16|152.98;
63|9|0|9|8|6|8|0|3|44|399;
64|9|13|23|17|21|21|21|16|44|409.68;
65|4|11|10|13|15|24|13|13|50|650.8;
66|0|15|17|3|4|22|2|18|52|558.26;
67|12|19|8|20|4|16|9|23|66|550.41;
68|4|2|13|2|24|0|4|11|61|648.46;
69|0|3|7|14|22|3|23|7|39|361.28;
70|8|17|12|13|3|7|15|16|22|286.21;
71|14|20|15|9|3|17|15|10|19|143.18;
72|5|23|8|19|20|13|6|22|50|486.77;
73|16|17|2|19|8|23|7|13|60|619.59;
74|21|14|17|11|15|21|23|10|64|591.54;
75|2|14|22|17|10|23|15|9|80|905.37;
76|11|15|4|12|6|7|21|16|62|903.73;
77|10|15|21|20|1|11|9|20|62|643.27;
78|15|13|12|23|4|22|15|19|61|830.69;
79|15|5|3|6|15|5|1|22|24|227.22;
80|5|15|13|12|18|10|4|7|72|706.47;
81|24|10|4|4|5|17|20|1|76|996.22;
82|8|20|1|20|23|20|14|11|41|497.15;
83|1|9|2|14|9|20|12|19|18|265.96;
84|15|14|1|14|24|9|17|1|67|755.49;
85|7|3|0|14|5|13|11|20|78|1029.94;
86|0|17|0|9|14|3|9|6|36|517.19;
87|17|5|6|23|9|0|8|16|25|352.53;
88|7|6|16|11|18|24|18|6|24|213.9;
89|24|23|12|11|17|19|13|3|76|1092.55;
90|0|10|8|2|11|4|21|20|80|1178.29;
91|16|3|24|23|23|1|11|22|39|358.32;
92|24|19|15|15|11|18|14|2|20|157.66;
93|3|19|16|15|24|24|12|7|71|908.6;
94|23|22|12|7|0|12|22|7|62|582.03;
95|17|10|23|3|0|1|21|14|33|429.15;
96|15|11|12|8|9|1|22|0|74|904.73;
97|21|18|0|4|22|19|14|24|65|497.01;
98|12|9|24|8|16|4|17|2|71|584.48;
99|15|7|10|10|10|3|3|24|31|288.4;
100|6|9|20|24|3|22|5|23|79|627.45;
101|23|20|10|1|4|20|15|14|56|831.88;
102|5|16|9|2|24|1|10|19|40|549.39;
103|4|24|3|16|8|3|12|9|60|502.18;
104|7|16|19|19|16|22|15|15|37|378.81;
105|24|22|17|24|0|20|12|8|17|176.61;
106|19|6|13|15|0|5|22|23|64|731.9;
107|16|20|4|10|14|0|14|16|34|336.47;
108|6|8|8|12|14|10|10|8|31|444.3;
109|12|21|4|15|4|22|1|13|35|441.47;
110|11|1|6|7|23|20|16|12|62|786.42;
111|7|3|19|18|17|21|3|0|72|674.26;
112|15|9|7|0|18|2|7|21|47|577.24;
113|14|23|0|17|8|4|4|4|50|477.57;
114|6|20|8|1|3|16|19|2|16|155.9;
115|19|13|16|23|4|22|7|11|21|243.87;
116|24|23|10|16|6|12|4|6|21|271.23;
117|16|15|2|1|7|1|20|24|18|155.54;
118|11|0|1|23|23|2|11|15|64|872.2;
119|11|15|24|12|6|22|17|1|29|360.32;
120|3|15|24|15|7|24|2|14|62|748.72;
121|8|5|0|24|10|19|6|21|31|247.35;
122|22|11|2|5|1|1|10|3|78|608.91;
123|0|23|5|1|5|19|22|7|51|674.75;
124|22|4|10|18|12|24|5|16|76|899.03;
125|22|8|1|19|4|2|24|20|68|701.99;
126|5|6|8|8|0|3|6|20|38|563.53;
127|8|20|2|7|6|7|4|22|51|398.73;
128|5|24|18|23|4|5|1|3|31|364.58;
129|14|22|19|10|1|19|9|16|26|306.45;
130|2|21|20|19|6|1|0|3|65|640.41;
131|13|21|3|11|14|19|24|10|65|493.07;
132|10|21|13|12|3|24|15|14|51|436.71;
133|3|11|6|9|2|21|7|8|45|449.82;
134|11|2|12|0|5|8|20|24|58|576.31;
135|9|2|15|6|7|14|24|1|72|634.06;
136|1|12|14|7|17|23|1|16|72|1072.56;
137|9|21|8|15|4|11|9|20|31|397.48;
138|1|15|10|16|3|12|7|14|47|411.31;
139|2|4|18|2|2|3|2|8|24|278.76;
140|4|13|6|2|20|7|3|23|50|733.28;
141|7|9|2|19|8|5|23|1|26|331.16;
142|15|17|9|11|13|18|15|9|69|845.32;
143|12|5|16|16|13|6|17|16|77|962.77;
144|21|17|16|4|11|20|3|17|42|586.92;
145|2|14|23|18|23|16|2|14|55|456.53;
146|19|6|0|6|17|20|7|9|27|215.35;
147|24|20|8|11|21|10|4|9|41|572.15;
148|19|24|15|3|19|18|2|6|58|464.7;
149|21|18|23|24|18|8|9|13|73|919.86;
150|12|23|19|13|5|8|17|20|22|173.42;
151|0|3|9|8|23|6|2|13|33|489.46;
152|4|8|20|0|22|0|7|16|60|543.26;
153|16|24|15|8|2|22|2|17|48|607;
154|11|12|20|14|13|12|10|5|53|491.21;
155|6|9|16|8|0|0|11|23|48|413.29;
156|19|9|20|6|0|3|14|13|26|294.28;
157|7|24|19|4|7|1|19|16|25|219.7;
158|10|4|13|17|15|7|23|11|23|179.1;
159|0|9|18|7|20|12|19|20|59|848.73;
160|3|7|13|0|24|10|11|9|22|234.13;
161|2|16|0|17|12|18|20|17|37|476.01;
162|5|7|11|14|13|14|15|16|72|885.96;
163|7|21|1|3|15|0|10|7|67|727.41;
164|0|3|3|12|23|10|21|22|80|684.9;
165|3|17|14|13|24|0|0|23|57|545.4;
166|13|1|18|7|6|20|24|1|72|611.81;
167|10|21|3|3|24|6|7|9|80|1079.82;
168|1|22|1|10|22|12|18|9|48|579.62;
169|17|16|21|19|17|18|16|14|21|245.61;
170|12|16|10|5|9|5|10|5|47|533.64;
171|6|20|3|6|10|20|11|20|75|962.81;
172|15|2|10|16|12|11|16|13|42|592.28;
173|7|4|4|4|1|16|24|9|75|818.16;
174|0|16|5|3|2|8|2|16|29|262.9;
175|13|16|22|20|9|8|0|1|29|330.18;
176|3|6|14|16|15|20|16|10|29|339.48;
177|9|23|18|4|6|21|22|19|78|593.56;
178|4|12|1|7|7|10|5|22|39|485.8;
179|15|19|12|2|19|5|17|22|22|240.77;
180|0|5|20|21|14|20|11|9|25|249.89;
181|3|14|6|5|8|13|4|24|62|715.59;
182|9|18|22|17|8|7|10|19|66|611.71;
183|2|21|5|13|20|3|6|24|26|384.65;
184|5|4|17|7|19|5|20|5|64|919.99;
185|2|4|17|1|21|7|13|0|23|324.53;
186|18|1|24|21|14|3|18|2|29|433.55;
187|19|12|18|2|17|4|1|1|24|358.63;
188|24|12|20|9|22|7|12|4|39|452.93;
189|21|6|6|23|0|3|3|4|56|792.37;
190|4|10|19|19|9|20|16|22|41|537.33;
191|16|3|7|24|15|15|3|2|17|235.7;
192|22|12|8|17|1|10|0|17|26|226;
193|11|6|12|13|12|8|0|10|43|565.17;
194|2|20|18|16|5|4|8|10|28|249.74;
195|6|9|2|20|0|0|1|24|32|246.2;
196|8|23|18|8|4|11|18|0|34|265.36;
197|4|21|4|9|17|16|1|3|28|254.4;
198|21|13|6|24|21|0|7|19|58|654.03;
199|0|19|3|2|0|4|3|9|78|1032.29;
200|4|18|24|6|0|5|21|22|17|199.41;
201|20|9|14|5|21|7|2|15|70|742.89;
202|9|24|23|0|3|2|23|20|77|807.51;
203|5|14|23|5|4|13|1|11|21|184.56;
204|13|1|7|18|23|14|17|11|80|1142.52;
205|5|6|19|20|22|16|11|1|18|182.77;
206|3|20|10|11|24|1|8|3|31|255.11;
207|12|5|12|9|14|14|15|22|65|954.16;
208|20|21|23|3|12|7|21|19|38|461.89;
209|15|23|3|15|0|23|16|18|74|759;
210|0|8|18|10|8|18|17|19|24|185.14;
211|5|22|13|22|15|13|11|11|28|270.77;
212|14|19|18|1|2|8|8|19|22|284.45;
213|18|1|1|15|20|18|0|23|55|752.76;
214|2|2|24|4|11|23|5|5|69|544.05;
215|2|1|14|8|14|18|11|11|38|540.55;
216|19|11|16|12|0|23|13|13|34|339.82;
217|10|2|12|18|22|5|6|3|70|952.07;
218|4|20|17|3|15|19|11|4|18|164.84;
219|13|13|15|21|8|6|4|18|20|200.63;
220|6|17|17|3|19|12|24|15|54|526.04;
221|2|6|17|6|1|5|17|11|17|141.81;
222|0|3|23|5|21|13|10|3|58|702.98;
223|15|5|23|19|5|13|22|10|67|943.19;
224|21|17|9|18|3|0|13|15|67|902.96;
225|9|22|8|22|5|23|1|4|17|245.04;
226|12|2|0|5|23|22|13|2|80|913;
227|9|24|24|1|2|20|11|3|31|335.48;
228|3|9|20|12|17|6|9|17|76|1082.67;
229|22|19|14|19|14|11|19|14|47|574.57;
230|18|8|10|21|16|16|5|6|68|933.17;
231|4|16|23|14|2|24|20|21|57|725.06;
232|24|16|7|15|9|17|10|11|53|700.57;
233|13|6|16|19|19|7|3|10|27|392.55;
234|13|4|22|16|20|12|22|24|38|306.41;
235|6|24|0|24|2|4|4|24|39|495.02;
236|22|6|12|14|4|9|13|19|18|262.33;
237|23|14|21|21|12|9|19|0|31|361.88;
238|2|16|15|20|23|21|14|8|30|267.87;
239|6|14|20|13|22|9|21|8|63|573.04;
240|19|21|19|20|16|1|21|17|43|392.6;
241|22|5|2|5|1|5|18|3|35|399.3;
242|17|10|7|6|20|16|2|7|76|689.65;
243|19|13|24|19|18|24|5|10|47|512.89;
244|17|1|12|13|17|23|18|20|66|602.62;
245|10|20|4|2|9|16|7|21|23|233.9;
246|11|5|16|22|24|8|7|1|55|413.11;
247|6|4|13|12|6|22|2|3|57|848.98;
248|24|12|21|18|11|0|2|5|47|354.3;
249|17|11|20|11|18|0|19|1|33|321.6;
250|2|6|18|7|17|1|6|23|73|916.24;
251|5|3|8|10|11|7|12|24|37|459.34;
252|16|11|24|12|0|13|11|3|22|208.88;
253|13|1|8|24|13|10|15|8|34|488.66;
254|24|20|24|19|23|18|23|7|50|518.53;
255|15|15|6|11|17|1|15|4|26|300.39;
256|20|19|16|8|14|15|14|19|65|570.62;
257|12|1|5|9|10|0|3|5|30|312.27;
258|24|4|16|9|15|23|21|18|62|757.9;
259|10|4|21|12|16|5|6|10|59|760.64;
260|9|18|1|6|19|15|5|7|64|734.03;
261|17|8|14|9|2|3|7|6|23|278.79;
262|11|11|13|9|19|13|24|15|20|235.9;
263|13|8|23|17|19|11|10|6|72|1019.02;
264|19|1|7|20|5|10|23|8|23|301.2;
265|0|6|22|19|10|0|6|8|29|405.01;
266|1|3|11|24|22|4|7|9|68|663.39;
267|23|24|18|20|8|14|20|7|62|710.55;
268|23|20|10|24|19|17|22|17|32|407.04;
269|7|2|16|11|2|7|13|20|36|336.4;
270|11|11|0|20|4|24|23|17|71|710.82;
271|6|18|23|12|11|13|3|23|59|690.7;
272|24|3|8|17|7|3|12|12|44|634.61;
273|9|10|3|7|17|18|13|6|79|1023.99;
274|14|14|8|2|10|18|10|2|69|844.92;
275|2|2|4|21|3|10|15|19|24|195.35;
276|24|13|10|8|2|1|9|22|21|303.1;
277|19|18|8|20|12|2|20|23|64|954.39;
278|13|21|12|6|23|1|0|1|49|684.77;
279|7|14|22|24|10|19|12|12|46|570.04;
280|0|13|9|20|0|11|13|8|56|423.29;
281|22|20|12|12|15|7|8|20|56|709.3;
282|13|20|19|13|20|1|18|0|36|443.71;
283|16|23|16|17|17|3|21|10|46|630.22;
284|19|4|11|23|21|23|21|2|57|595.82;
285|22|24|20|11|0|15|14|24|77|833.5;
286|11|16|13|17|16|22|21|22|19|233;
287|8|0|22|17|7|3|3|4|58|829.52;
288|24|4|23|0|7|11|18|10|62|750.13;
289|8|13|20|4|19|2|22|16|55|462.16;
290|5|19|10|5|21|18|21|3|52|557.44;
291|24|9|18|4|23|9|8|21|57|656.62;
292|21|5|13|1|6|17|5|17|31|253.44;
293|13|1|9|4|12|1|6|11|23|260.8;
294|0|7|3|6|17|10|15|3|29|303.97;
295|18|1|7|0|22|7|16|6|41|373.42;
296|2|2|12|2|10|16|12|8|42|465.03;
297|23|19|19|13|5|18|4|2|41|529.54;
298|20|1|22|0|17|3|14|7|50|665.62;
299|4|3|17|15|16|6|6|6|37|505.21;
300|7|16|4|10|20|20|15|15|46|347.48;
301|5|0|7|2|3|20|1|10|55|790.99;
302|3|9|0|10|8|12|2|7|79|900.08;
303|6|15|18|19|12|12|15|7|65|569.56;
304|17|5|9|13|10|19|20|3|39|419.03;
305|10|22|21|13|5|4|12|15|61|582.15;
306|3|18|8|4|13|15|15|9|62|792.01;
307|16|11|2|15|9|20|10|0|20|187.48;
308|21|13|4|23|14|24|16|4|28|329.49;
309|17|23|14|17|15|10|22|17|17|147.26;
310|8|0|5|16|21|14|11|2|56|441.3;
311|8|20|1|17|0|16|12|20|46|471.12;
312|16|1|21|19|1|5|4|8|68|817.96;
313|3|0|24|12|15|21|23|16|26|247.53;
314|13|15|3|10|8|8|6|13|42|471.91;
315|4|17|23|7|5|23|15|6|39|350.4;
316|1|6|11|22|2|2|1|9|23|277.96;
317|1|17|2|15|7|13|18|6|38|458.08;
318|23|13|7|2|13|4|24|4|62|677.76;
319|24|19|0|23|6|13|6|19|27|346.39;
320|21|5|11|2|19|9|1|13|71|542.02;
321|22|7|6|2|12|22|1|9|44|503.38;
322|7|22|24|6|13|19|2|16|28|304.49;
323|7|10|22|20|21|18|15|14|18|221.91;
324|24|15|22|13|4|19|12|16|33|390.1;
325|2|23|5|13|13|21|13|14|31|376.5;
326|5|15|18|2|8|10|19|23|36|451.72;
327|13|0|2|23|9|8|2|10|23|215.01;
328|9|7|15|15|6|24|8|1|16|169.82;
329|12|21|7|8|4|0|8|22|22|174.36;
330|12|6|9|16|14|1|21|21|23|250.37;
331|24|4|6|0|8|7|24|0|28|381.11;
332|6|5|19|15|9|6|21|12|31|254.8;
333|6|5|21|16|22|21|3|24|70|980.37;
334|6|3|0|15|3|3|14|3|73|616.43;
335|10|3|22|24|24|19|10|13|34|455.52;
336|20|16|23|3|6|11|24|9|77|1142.34;
337|20|1|15|2|7|3|19|11|26|222.52;
338|9|23|12|9|6|23|1|2|24|292.9;
339|4|9|17|4|14|5|0|15|44|357.38;
340|14|2|17|18|16|22|24|20|55|574.88;
341|10|1|11|5|12|20|12|7|19|245.41;
342|17|16|7|9|2|17|20|21|61|715.81;
343|24|11|6|23|14|8|13|9|34|293.78;
344|12|17|9|23|15|0|20|14|24|338.76;
345|24|18|9|8|22|24|24|6|25|220.56;
346|23|11|12|5|8|11|18|21|52|404.1;
347|21|20|6|13|21|0|1|16|62|620.72;
348|18|3|11|12|0|11|13|4|72|862.48;
349|22|12|1|4|17|0|3|3|68|642.82;
350|12|5|3|2|3|22|14|17|55|444.29;
351|8|21|18|10|7|12|13|8|32|458.3;
352|13|18|6|0|11|20|9|18|74|1108.21;
353|3|11|24|8|8|10|20|0|75|948.33;
354|6|18|21|7|16|11|10|21|24|324.8;
355|15|9|19|17|24|19|23|7|66|748.59;
356|9|17|24|13|23|2|1|6|29|306.53;
357|22|1|2|10|0|11|2|1|21|199.75;
358|14|9|23|20|18|5|20|7|78|863.83;
359|2|10|13|13|13|24|2|5|77|1124.15;
360|13|23|3|2|6|1|20|11|19|253.97;
361|22|20|2|21|19|24|18|13|29|252.18;
362|2|23|22|23|18|16|0|6|25|283.75;
363|12|17|8|24|23|2|19|24|50|610.23;
364|23|19|20|10|10|4|21|22|64|525.71;
365|7|16|9|10|18|5|21|1|27|300.13;
366|14|23|20|17|10|9|2|2|79|792.3;
367|21|20|15|17|18|12|20|8|60|709.55;
368|5|1|11|21|4|8|7|16|63|857.57;
369|24|3|14|6|17|2|23|20|19|185.65;
370|6|21|3|8|1|2|1|8|52|743.17;
371|10|18|15|16|15|5|11|24|72|934.47;
372|5|8|5|18|7|3|12|11|62|493.93;
373|4|0|8|7|0|12|0|6|59|535.94;
374|13|7|14|7|21|10|15|8|54|459.73;
375|1|17|3|5|21|13|5|19|29|251.35;
376|2|14|8|21|1|14|15|12|40|382.48;
377|15|15|15|3|13|19|15|4|31|325.5;
378|13|17|19|12|17|2|7|11|34|401.32;
379|2|18|0|2|2|13|6|21|48|549.61;
380|5|18|18|19|16|22|19|17|25|361.3;
381|10|0|10|9|1|20|19|9|19|212.33;
382|2|13|18|6|14|24|22|24|56|685.85;
383|7|17|20|0|12|7|19|17|35|429.17;
384|16|24|9|22|20|20|20|3|50|499.62;
385|19|6|16|4|5|15|16|6|29|274.62;
386|0|15|8|7|11|14|12|2|76|1016.28;
387|4|19|5|13|13|17|16|0|31|447.39;
388|4|19|8|14|18|2|18|15|33|421.71;
389|9|8|23|19|20|13|10|21|79|788.64;
390|14|3|4|4|11|2|2|11|24|267.27;
391|2|2|11|6|4|8|3|13|44|573.52;
392|1|22|1|13|17|4|3|9|44|387.1;
393|0|16|15|4|6|3|11|20|36|534.44;
394|3|8|6|0|23|6|16|21|31|390.19;
395|13|16|0|20|6|3|0|11|23|234.34;
396|5|2|15|9|9|7|23|7|46|675.07;
397|13|10|9|15|3|17|22|24|70|1046.73;
398|1|3|17|5|21|12|4|15|53|518.05;
399|9|4|4|1|8|3|17|21|35|301.73;
400|21|7|2|7|18|3|9|9|70|878.06;
401|14|14|22|15|0|16|16|1|48|496.94;
402|3|19|5|21|13|12|21|11|44|459.19;
403|1|9|24|2|16|10|14|2|77|1034.29;
404|24|9|5|0|5|4|6|6|16|186.16;
405|0|11|15|16|9|8|13|19|25|275.52;
406|20|23|7|19|17|8|20|19|78|995.45;
407|3|16|8|14|4|15|22|3|28|346.13;
408|20|14|12|11|3|20|0|7|21|293.82;
409|9|11|13|3|7|14|14|6|28|316.54;
410|3|20|18|1|24|6|14|2|22|219.92;
411|23|17|22|8|5|12|24|0|79|868.32;
412|21|14|18|2|4|21|11|24|78|985.54;
413|15|15|3|0|21|17|0|7|54|788.83;
414|1|13|6|0|17|22|2|0|70|545.85;
415|24|6|2|20|2|14|15|15|35|388.83;
416|13|18|7|17|9|24|3|4|76|677.44;
417|12|14|17|14|9|5|8|10|72|726.84;
418|13|6|19|22|1|24|13|17|18|165.6;
419|5|23|12|12|11|12|2|11|74|1101;
420|23|22|5|13|6|9|20|10|80|781.71;
421|11|18|20|4|12|11|16|14|38|401.87;
422|24|20|11|16|21|4|2|3|80|1052.22;
423|23|4|12|10|1|10|6|22|46|555.72;
424|23|17|9|21|7|9|22|1|69|755.26;
425|20|5|1|0|7|5|4|11|52|441.93;
426|5|5|7|7|20|15|7|24|52|592.07;
427|10|14|22|24|3|3|0|16|76|887.2;
428|13|4|11|14|13|8|18|20|51|571.88;
429|10|22|21|0|6|0|22|1|62|783.28;
430|17|1|5|24|12|11|21|12|29|414.45;
431|8|7|2|15|8|7|15|6|59|606.64;
432|17|4|20|23|15|24|4|13|25|340.49;
433|23|1|22|20|5|17|15|1|77|690.56;
434|17|9|11|3|0|19|16|15|56|821.41;
435|2|16|5|0|10|16|5|18|59|638.37;
436|7|6|16|8|10|5|1|16|52|674.56;
437|7|18|11|9|10|0|16|13|19|228.12;
438|13|22|1|19|22|17|2|13|74|587.06;
439|19|20|7|5|5|23|15|10|29|237.46;
440|21|0|11|7|4|17|8|11|49|470.39;
441|19|17|14|2|10|18|17|8|53|561.51;
442|1|12|10|16|14|4|12|11|45|652.6;
443|16|0|20|9|7|20|11|21|42|386.79;
444|12|15|2|13|18|4|3|4|49|453.9;
445|18|5|15|9|19|1|1|6|34|288.59;
446|14|17|3|5|15|0|21|9|60|734.09;
447|6|23|8|20|19|18|17|13|59|635.65;
448|23|22|0|9|22|0|12|24|36|538.57;
449|24|24|4|11|19|8|22|8|46|541.51;
450|24|16|21|11|7|3|4|10|49|482.78;
451|15|7|18|13|7|15|12|13|63|880.64;
452|22|0|1|12|7|0|12|9|80|1188.47;
453|7|19|19|18|19|1|12|22|58|639.19;
454|2|24|5|19|12|7|2|14|77|803.64;
455|8|15|17|6|1|12|18|16|50|464.6;
456|4|23|22|10|0|24|9|12|77|596.92;
457|5|9|14|5|5|15|8|0|69|554.23;
458|21|12|2|1|4|18|16|5|18|192.65;
459|12|1|14|24|9|9|5|10|44|531.9;
460|13|12|4|17|0|15|6|10|58|560.37;
461|0|4|0|1|21|24|22|24|19|233.66;
462|24|12|18|9|17|6|8|20|55|707.73;
463|2|20|7|12|11|10|20|15|34|379.38;
464|7|21|5|0|12|10|18|24|66|598.93;
465|24|12|11|3|11|18|12|24|45|602.09;
466|22|10|3|19|24|15|19|24|50|465.26;
467|17|11|23|22|0|19|8|13|23|208.61;
468|4|16|9|2|6|15|13|0|35|465.62;
469|3|10|9|0|5|7|18|19|28|406.25;
470|18|2|20|20|7|2|21|3|17|179.79;
471|17|21|1|16|1|3|20|22|58|558.88;
472|1|5|13|20|8|7|14|15|36|479.62;
473|7|14|22|11|19|24|11|2|33|434.07;
474|18|6|4|24|18|13|0|11|26|353.15;
475|9|2|13|18|5|10|11|12|52|459.81;
476|2|7|17|24|7|5|8|1|21|194.12;
477|11|10|21|8|16|17|7|4|61|609.37;
478|12|7|9|21|12|20|8|1|23|318.58;
479|10|15|8|16|9|18|7|4|56|482.87;
480|17|0|23|23|21|16|0|4|41|489.6;
481|4|6|10|4|19|17|15|11|16|135.71;
482|17|7|19|10|10|1|23|13|67|842.62;
483|17|14|3|2|12|14|24|14|18|136.19;
484|13|13|5|5|17|12|17|13|54|593.11;
485|21|8|9|18|3|0|18|15|22|203.93;
486|20|3|12|6|1|10|19|20|31|399.73;
487|20|0|19|4|4|11|20|11|44|522.98;
488|14|23|10|23|10|7|21|18|25|196.13;
489|2|1|17|18|16|24|11|7|71|694.09;
490|2|24|4|1|21|3|16|21|61|738.1;
491|5|7|9|1|19|24|16|14|75|1007.89;
492|14|20|23|5|13|24|8|12|26|328.49;
493|21|6|11|9|7|0|12|14|66|845.49;
494|4|19|10|13|16|13|15|5|46|550.64;
495|11|17|3|24|21|1|16|24|35|281.97;
496|10|22|9|11|15|3|12|0|34|451.07;
497|10|17|20|22|19|16|17|6|56|541.3;
498|3|12|22|16|10|20|7|3|35|472.57;
499|24|16|10|16|22|12|11|0|55|604.93;
500|21|8|11|5|16|19|8|11|40|428.44;
501|0|14|3|24|12|15|24|7|66|868.82;
502|3|9|18|24|3|6|12|18|29|257.45;
503|21|0|10|23|22|7|23|12|36|455.52;
504|20|22|18|24|6|3|0|9|51|618.75;
505|20|19|8|8|10|6|5|17|48|420.8;
506|19|12|17|21|8|18|24|19|55|553.33;
507|7|9|20|23|10|8|19|14|25|283.51;
508|2|7|11|8|10|21|6|17|19|225.8;
509|16|6|16|8|10|20|2|9|75|981.45;
510|12|13|7|20|2|15|10|21|44|355.91;
511|19|14|0|16|4|20|3|2|54|473.86;
512|19|3|1|18|24|17|8|21|32|304.3;
513|15|4|4|2|23|12|0|9|34|468.72;
514|9|6|0|0|21|14|0|24|46|523.39;
515|20|5|0|22|8|21|8|23|67|651.78;
516|11|23|12|22|0|14|22|17|52|479.88;
517|6|12|22|12|23|8|20|17|25|288.72;
518|18|9|3|14|13|10|11|14|42|505.75;
519|3|12|20|1|15|3|6|12|55|514.71;
520|11|3|1|19|4|0|5|21|74|1108.33;
521|0|22|11|12|0|4|17|0|58|845.37;
522|18|16|13|4|5|5|7|24|30|259.48;
523|4|20|16|8|15|24|12|21|39|437.65;
524|22|15|6|20|0|6|17|4|21|191.48;
525|5|10|24|23|23|2|7|16|67|559.16;
526|20|4|1|22|20|22|21|5|22|263.51;
527|10|14|5|4|9|1|3|24|25|361.35;
528|8|7|19|22|2|8|5|9|30|336.13;
529|24|3|17|2|5|24|3|1|24|287.77;
530|7|12|1|14|8|14|2|11|69|538.86;
531|3|12|22|24|1|14|19|7|26|237.83;
532|22|8|23|23|22|9|15|12|33|456.64;
533|19|8|22|19|23|11|23|20|16|133.39;
534|10|11|2|0|0|2|6|19|52|435.71;
535|4|5|9|11|18|11|3|0|63|590.62;
536|19|22|6|24|17|2|4|10|48|623.84;
537|11|9|16|8|2|15|10|14|67|940.96;
538|14|20|7|4|23|18|0|24|33|427.47;
539|11|22|12|20|18|20|4|14|61|717.08;
540|9|20|17|23|3|16|5|22|51|553.02;
541|3|15|22|1|12|22|4|16|63|589.78;
542|3|10|24|7|17|8|23|2|69|695.56;
543|1|0|3|22|1|23|16|14|18|269.06;
544|4|11|2|11|16|15|22|10|72|682.23;
545|15|19|11|12|6|9|8|12|27|311.18;
546|3|13|5|15|20|22|20|23|69|983.64;
547|7|14|22|10|8|14|24|12|58|679.67;
548|16|15|13|6|18|23|10|14|79|701.74;
549|20|5|18|24|19|8|16|6|61|800.44;
550|18|6|15|14|18|18|16|14|52|663.53;
551|4|24|9|6|21|15|2|20|49|501.81;
552|18|1|11|1|6|24|20|15|27|235.94;
553|19|17|2|7|20|12|22|17|49|728.03;
554|13|2|6|7|6|2|13|12|48|403.1;
555|7|23|17|10|5|2|23|21|27|364.04;
556|9|5|12|14|24|15|12|11|31|389.96;
557|12|3|19|3|23|5|4|22|37|306.74;
558|8|0|8|3|8|11|5|3|70|543.63;
559|11|7|4|1|14|16|4|4|18|137.9;
560|2|16|23|5|6|3|22|8|34|302.31;
561|1|1|2|6|17|13|21|7|38|312.2;
562|6|20|1|6|24|22|3|2|75|634.33;
563|9|0|16|24|8|23|11|7|53|475.93;
564|11|5|3|21|23|19|8|18|45|666.34;
565|21|20|23|17|8|4|7|6|19|152.16;
566|9|16|17|20|17|1|5|22|61|835.57;
567|22|23|16|7|14|0|6|3|64|788.39;
568|3|3|13|6|8|23|16|18|67|628.16;
569|1|20|7|10|14|4|8|4|77|964.3;
570|8|14|20|21|3|18|9|23|70|958.76;
571|17|20|2|0|9|11|12|9|73|599.45;
572|19|5|17|17|17|1|23|21|16|160.03;
573|12|3|11|24|21|6|9|16|53|746.49;
574|16|14|3|5|16|19|12|21|40|576.08;
575|3|9|23|14|0|11|8|20|49|608.68;
576|1|0|16|23|24|16|24|24|19|229.94;
577|1|17|17|16|4|16|3|19|80|1169.82;
578|20|22|12|1|8|19|6|23|24|295.25;
579|15|20|7|5|17|14|15|19|26|356.79;
580|15|2|10|15|10|8|5|17|39|578.1;
581|12|10|20|23|24|2|15|4|51|419.57;
582|22|15|6|19|8|22|3|24|68|951.77;
583|12|14|2|4|20|0|15|21|78|975.14;
584|17|16|14|20|4|23|0|14|30|350.74;
585|14|6|9|13|14|18|9|18|48|443.5;
586|9|3|13|20|9|17|12|16|71|882.79;
587|2|21|7|8|2|23|19|22|22|268.39;
588|15|11|2|8|4|7|24|10|30|355.54;
589|9|21|13|16|21|0|20|21|33|260.05;
590|6|1|5|8|21|23|20|0|43|401.92;
591|17|4|3|21|7|13|7|20|44|637.12;
592|23|17|18|15|20|7|19|24|55|488.93;
593|12|18|9|5|14|16|17|23|70|598.01;
594|2|15|14|16|19|3|5|15|75|955.47;
595|6|10|19|16|23|17|13|7|71|770.44;
596|4|8|21|5|1|7|16|23|46|539.71;
597|8|10|12|1|8|22|4|13|31|363.19;
598|17|5|8|9|24|11|11|2|28|395.23;
599|6|4|18|5|21|23|5|7|33|310.19;
600|10|2|11|5|18|2|17|21|33|383.17;
601|23|20|2|17|18|16|0|18|52|599.38;
602|11|12|7|24|11|18|12|19|57|721.66;
603|15|10|15|7|3|11|20|20|23|299.67;
604|20|17|2|1|18|24|12|13|36|405.29;
605|11|10|20|24|19|19|16|11|69|861.09;
606|13|22|23|10|17|0|12|16|30|428.09;
607|17|24|23|17|11|21|4|10|36|353.51;
608|7|10|15|15|17|2|20|17|51|514.9;
609|14|10|4|18|18|9|12|19|65|659.58;
610|2|13|17|22|21|20|13|19|42|418.87;
611|2|10|15|23|10|5|18|17|66|610.25;
612|3|12|11|14|21|19|16|3|32|287.73;
613|3|17|3|14|5|2|14|9|37|520.74;
614|21|4|3|12|20|7|23|6|24|263.6;
615|8|7|18|10|22|19|13|4|20|160.12;
616|15|17|16|1|14|13|23|24|61|583.56;
617|14|24|23|21|0|22|20|12|76|1139.58;
618|14|9|12|10|5|20|6|20|20|262.78;
619|22|6|24|10|2|1|8|2|68|755.94;
620|8|21|19|24|21|3|5|1|30|349.69;
621|23|14|14|10|13|13|14|22|75|1049.26;
622|15|2|4|3|11|4|21|3|75|784.22;
623|3|8|16|7|5|8|24|17|36|466.86;
624|22|8|15|14|10|3|13|10|51|466.56;
625|0|9|14|22|20|9|5|18|44|570.51;
626|13|3|10|4|6|7|5|23|18|266.89;
627|7|14|8|16|13|14|15|6|53|569.82;
628|13|16|1|23|7|17|21|19|23|279.03;
629|9|17|11|4|15|10|9|22|19|176.72;
630|18|18|1|16|21|6|20|8|38|535.68;
631|8|4|19|0|1|10|6|13|49|693.97;
632|20|11|24|11|2|23|19|12|65|599.37;
633|10|12|4|16|2|12|1|16|55|618.43;
634|18|8|15|23|4|2|9|20|58|773.15;
635|0|4|14|19|3|9|17|8|65|639.83;
636|23|5|22|17|0|9|24|9|20|271.61;
637|8|15|0|20|11|21|2|3|72|728.19;
638|8|23|5|13|13|13|21|18|61|880.96;
639|22|0|19|17|6|5|18|20|54|658.08;
640|11|20|20|2|0|12|24|13|47|582.06;
641|9|22|11|13|0|0|13|7|53|529.88;
642|24|8|15|3|9|23|2|17|37|506.9;
643|21|24|11|18|2|0|22|22|78|636.79;
644|22|0|4|14|5|11|6|6|65|659.25;
645|2|20|19|24|16|10|7|20|28|214.02;
646|0|14|24|11|2|22|3|1|34|320.05;
647|0|17|17|17|19|23|7|22|68|617.61;
648|13|17|16|3|21|16|1|13|59|599.11;
649|3|2|21|19|14|16|11|20|54|729.26;
650|21|12|17|0|6|15|1|6|75|796.37;
651|1|14|19|2|24|9|20|17|72|733.92;
652|6|14|13|16|15|14|22|23|43|621.19;
653|5|11|4|2|13|8|7|22|68|901;
654|17|21|19|3|24|5|18|23|64|878.79;
655|24|11|7|18|24|8|14|12|53|692.25;
656|15|24|23|21|6|0|14|20|76|1058.01;
657|2|17|15|20|23|15|16|24|45|522.47;
658|3|7|16|16|22|21|20|14|16|215.1;
659|15|21|0|3|12|22|17|19|58|800.2;
660|22|7|23|13|0|20|18|18|63|802.97;
661|18|0|17|0|23|11|9|12|29|404.05;
662|5|5|13|21|14|11|11|2|16|205.49;
663|21|10|0|4|7|0|2|17|33|411.02;
664|7|17|18|9|3|19|23|7|39|361.34;
665|16|21|8|12|18|3|16|24|34|375.39;
666|2|17|3|6|0|7|9|24|41|449.11;
667|19|2|6|23|15|11|6|15|49|448.95;
668|11|21|20|7|0|7|24|22|47|688.12;
669|22|15|15|13|24|13|16|7|52|762.22;
670|0|20|10|8|15|8|0|15|66|560.69;
671|14|9|14|1|1|1|13|14|47|563.9;
672|19|1|15|19|19|12|17|5|70|793.17;
673|16|11|5|24|21|15|7|12|69|866.82;
674|17|24|22|0|23|18|19|6|28|293.63;
675|15|19|3|18|21|5|21|18|51|388.07;
676|9|6|7|17|0|5|9|4|23|290.36;
677|22|22|11|24|16|16|15|22|21|231.74;
678|17|15|3|13|14|0|19|24|44|463.05;
679|15|6|12|12|23|5|5|24|72|879.35;
680|8|11|19|10|23|19|4|23|41|421.42;
681|24|13|18|16|12|21|19|20|44|481.96;
682|24|13|1|14|3|9|24|10|60|799.3;
683|3|24|7|11|0|13|13|20|65|646.75;
684|2|8|14|22|2|20|16|24|66|609.57;
685|24|18|19|19|7|1|16|21|36|450.59;
686|5|17|19|22|0|19|17|21|74|1015.93;
687|2|11|10|9|3|11|13|18|19|255.2;
688|17|2|13|2|19|1|0|20|59|509.38;
689|10|7|16|10|18|24|1|18|55|557.32;
690|20|7|3|6|13|13|3|16|44|381.46;
691|24|8|23|7|24|22|7|12|59|521.59;
692|9|1|3|22|22|19|17|3|78|653.49;
693|4|24|15|15|5|12|15|15|30|403.7;
694|22|5|8|1|19|14|11|20|40|321.38;
695|17|9|2|19|17|9|9|15|68|783.95;
696|14|20|19|19|1|2|18|4|21|209.7;
697|10|7|0|17|23|24|13|11|71|1035.91;
698|12|18|15|23|11|19|23|23|27|349.34;
699|0|5|6|2|18|3|10|10|69|952.96;
700|9|1|0|21|13|11|22|4|47|430.69;
701|19|9|20|12|1|13|5|4|56|719.57;
702|6|13|9|11|12|11|8|20|46|457.77;
703|0|9|20|18|12|8|13|17|21|198.28;
704|2|5|8|17|24|4|11|2|52|392.54;
705|21|16|13|11|21|4|17|19|80|841.75;
706|10|3|0|21|22|4|12|21|59|674.87;
707|4|7|3|7|20|9|18|23|63|811.42;
708|5|0|18|12|14|13|12|10|19|182.92;
709|19|0|15|0|20|5|7|19|67|803.38;
710|20|6|4|17|9|7|4|8|29|342.68;
711|1|15|5|21|6|1|14|6|28|349.72;
712|14|20|1|5|3|24|20|15|56|668.26;
713|14|13|6|4|5|22|6|23|22|215.45;
714|19|11|6|16|22|0|24|24|19|200.35;
715|5|10|7|5|4|14|19|10|29|220.6;
716|21|19|10|19|13|6|0|15|28|344.08;
717|0|20|1|17|11|14|14|18|61|599.28;
718|1|3|9|14|17|19|5|5|60|777.07;
719|17|6|13|9|5|10|14|24|62|491.39;
720|6|4|9|3|21|17|4|11|47|367.19;
721|13|0|14|20|6|3|15|16|78|1147;
722|23|11|23|2|13|1|23|1|32|410.52;
723|2|24|6|19|10|8|11|12|52|656.87;
724|14|19|0|13|11|22|17|15|37|317.28;
725|1|3|16|8|23|22|0|11|56|442.35;
726|21|0|9|5|18|9|12|13|57|682.46;
727|11|10|2|12|11|0|24|21|61|590.19;
728|6|20|9|2|20|24|6|17|57|614.58;
729|12|6|21|8|3|13|5|20|80|1149.67;
730|11|3|14|6|5|7|18|22|58|542;
731|17|16|20|19|6|14|14|5|38|410.65;
732|1|12|1|20|6|9|0|11|64|695.29;
733|7|16|23|6|0|8|23|14|33|357.72;
734|21|16|24|9|15|4|5|19|58|615.78;
735|19|24|4|8|23|8|15|4|28|272.12;
736|3|17|13|8|4|16|18|1|33|365.53;
737|23|22|13|9|11|4|16|11|35|488.41;
738|19|23|23|15|4|9|1|2|67|700.06;
739|11|5|12|5|0|3|3|18|43|353.69;
740|13|23|0|15|9|21|17|2|44|645.74;
741|14|5|20|15|8|6|15|23|56|466.59;
742|4|2|10|9|15|24|20|7|74|726.07;
743|23|4|14|7|11|2|0|13|20|293.83;
744|11|23|16|5|0|21|8|8|34|492.81;
745|18|20|21|14|6|7|20|13|61|760.11;
746|3|1|4|8|12|21|19|0|68|590.47;
747|12|9|9|22|21|1|13|6|54|453.58;
748|7|14|0|0|6|15|3|13|73|959;
749|15|9|7|17|9|22|24|23|20|284.35;
750|21|24|4|11|6|19|18|13|33|303.38;
751|12|15|18|11|14|11|17|13|63|514.41;
752|6|21|5|1|16|5|14|2|30|230.25;
753|18|15|20|5|9|22|15|0|17|135.97;
754|20|4|11|1|24|4|11|15|21|242.14;
755|22|23|18|9|22|10|8|2|32|450.36;
756|1|4|3|22|3|0|16|23|66|578.43;
757|15|18|12|24|0|10|8|6|56|591.03;
758|8|23|0|18|22|13|11|13|22|205.94;
759|23|18|5|1|13|22|7|17|44|562.37;
760|11|5|10|1|15|3|7|23|59|765.22;
761|12|20|0|1|17|18|1|10|40|445.97;
762|10|24|1|22|16|6|14|1|47|638.83;
763|19|10|1|5|15|9|16|21|27|360.71;
764|10|0|2|4|12|12|17|1|72|658.12;
765|2|14|20|14|18|8|11|11|48|470.51;
766|1|1|8|14|11|3|7|18|61|841.63;
767|20|13|17|16|16|22|8|7|33|357.59;
768|2|21|12|14|5|8|8|11|39|333.24;
769|20|9|20|21|0|13|10|20|39|336.61;
770|4|11|18|18|5|15|10|10|52|779.27;
771|3|21|13|6|21|14|18|7|24|295.8;
772|18|1|9|4|16|23|8|5|23|310.06;
773|11|20|10|19|23|9|15|1|40|390.29;
774|8|13|16|5|10|5|14|13|29|357.94;
775|0|5|4|4|14|21|13|1|75|709.94;
776|21|0|12|21|12|24|12|20|52|596.66;
777|2|24|6|9|24|14|22|7|73|1051.76;
778|16|11|18|20|20|3|21|23|71|794.5;
779|24|7|20|18|6|2|2|3|26|330.39;
780|13|8|8|16|20|11|11|17|53|605.87;
781|10|24|23|6|6|4|11|18|74|656.47;
782|23|22|22|13|11|6|21|3|48|593.97;
783|11|6|2|9|23|10|6|1|25|312.32;
784|17|14|19|2|19|0|22|23|33|265.61;
785|24|23|1|11|24|19|14|18|30|425.23;
786|17|6|21|10|14|10|17|6|76|652.07;
787|4|8|13|13|0|4|22|9|61|753.82;
788|21|24|1|13|16|12|8|18|70|974.49;
789|13|23|5|14|14|8|4|2|54|651.94;
790|15|19|0|24|19|21|6|2|57|739.4;
791|22|20|6|9|0|9|12|0|78|624.63;
792|6|8|11|21|10|6|20|22|43|339.23;
793|1|24|3|1|5|6|15|21|32|243.34;
794|9|10|8|6|9|5|18|12|54|742.6;
795|0|1|16|14|13|0|2|13|30|294.64;
796|2|2|24|14|23|20|10|2|38|489.79;
797|12|19|10|15|16|5|4|11|30|385.31;
798|13|13|16|15|23|2|19|18|31|250.74;
799|17|11|20|23|15|16|14|1|66|832.33;
800|9|21|7|8|6|24|8|22|77|864.14;
801|19|22|2|12|8|17|8|18|60|698.49;
802|16|12|23|4|18|0|15|4|59|745.29;
803|6|5|18|2|21|13|14|1|25|204.77;
804|24|11|11|23|12|20|13|1|32|393.09;
805|11|8|0|15|3|8|20|11|16|179.8;
806|2|10|20|0|18|13|24|12|57|735.11;
807|22|7|8|16|6|11|17|0|32|407.96;
808|12|1|15|12|23|2|19|4|78|679.02;
809|22|22|21|0|20|8|23|14|41|577.67;
810|13|15|12|18|5|7|8|12|54|543.51;
811|16|4|1|16|11|11|15|20|75|675.57;
812|19|14|11|8|1|18|9|1|68|679.6;
813|5|17|2|22|24|0|9|4|42|496.65;
814|23|23|7|2|5|10|18|3|52|526.52;
815|21|18|17|13|16|13|3|2|53|668.91;
816|9|12|12|12|12|13|24|13|54|430.38;
817|18|21|8|15|20|0|24|6|69|739.24;
818|9|18|3|18|10|16|4|24|63|867;
819|14|3|12|13|12|19|5|9|30|311.36;
820|10|7|12|5|13|8|17|23|80|955.26;
821|4|2|1|4|5|0|5|24|35|272.96;
822|11|10|11|14|14|2|13|9|37|280;
823|7|19|9|22|2|23|15|13|27|342.99;
824|4|15|5|23|18|5|9|4|78|1075.46;
825|7|20|7|12|17|18|4|24|56|505.26;
826|24|18|10|18|1|16|11|16|62|874.07;
827|11|1|23|20|20|6|6|22|46|376.5;
828|21|13|24|8|7|20|24|23|70|668.77;
829|21|7|10|17|8|14|9|9|71|561.79;
830|12|2|7|2|9|10|11|16|76|668.27;
831|20|3|12|9|0|2|6|3|60|582.78;
832|10|23|22|4|8|9|4|0|71|657;
833|8|24|14|6|19|15|10|24|56|698.06;
834|8|24|23|24|10|7|13|16|53|777.97;
835|11|5|7|23|6|1|22|10|34|506.96;
836|12|19|4|19|9|5|5|13|19|198.96;
837|5|18|23|3|12|10|7|2|34|441.43;
838|1|5|14|8|6|5|3|16|43|378.58;
839|8|9|4|17|17|24|8|6|23|304.07;
840|19|1|7|20|2|4|9|10|74|852.33;
841|16|1|20|9|5|19|12|7|54|621.29;
842|6|4|23|16|14|8|0|7|47|693.42;
843|17|11|19|17|12|24|13|7|31|407.06;
844|21|13|17|5|11|17|8|8|70|918.72;
845|24|7|17|9|19|3|13|14|21|287.51;
846|8|23|14|11|13|10|5|20|74|824.75;
847|22|10|24|18|0|14|3|10|60|478.03;
848|10|13|8|14|21|9|24|16|37|325.56;
849|5|15|6|11|1|19|20|7|65|779.25;
850|20|11|14|9|18|16|5|19|74|707.31;
851|24|16|4|7|19|9|21|18|16|212.07;
852|3|6|22|7|20|2|5|21|61|474.41;
853|0|17|20|16|21|2|18|2|66|977.28;
854|17|3|18|23|22|24|18|23|41|391.78;
855|5|4|24|6|20|15|8|10|65|708.6;
856|3|22|11|4|24|12|16|18|66|758.66;
857|21|8|15|20|24|11|2|20|27|314.67;
858|17|0|15|14|9|2|15|7|75|619.33;
859|21|18|1|1|21|18|21|18|26|353.99;
860|18|11|19|20|13|21|9|21|21|179.12;
861|7|11|18|7|18|8|4|8|78|849.68;
862|5|8|24|17|23|20|17|10|67|1003.67;
863|3|19|0|23|22|1|22|10|70|953.56;
864|11|21|15|1|22|1|24|23|27|292.87;
865|8|22|17|18|4|24|9|15|51|624.13;
866|18|19|24|3|4|6|13|10|56|551.42;
867|24|16|23|22|0|14|15|2|19|184.68;
868|3|7|15|23|20|5|13|14|70|749.77;
869|1|24|5|3|20|5|10|1|39|533.08;
870|14|6|1|6|13|12|19|12|19|195.15;
871|12|15|4|16|4|15|14|12|47|373.06;
872|13|22|13|17|22|8|17|9|40|483.24;
873|3|5|11|9|6|6|19|4|55|453.81;
874|24|23|18|20|15|11|7|22|50|539.12;
875|2|21|14|21|14|19|22|16|76|769.85;
876|19|3|2|22|3|14|24|16|19|235.43;
877|8|15|2|21|1|13|2|7|18|207.56;
878|15|0|5|7|9|5|1|16|63|695.65;
879|6|11|16|19|6|20|16|0|47|418.42;
880|16|13|23|21|6|3|3|15|57|706.7;
881|0|21|24|23|17|19|0|8|28|288.3;
882|16|13|15|16|16|18|20|8|80|1187.55;
883|2|10|15|2|0|18|18|23|29|415.63;
884|8|14|7|7|16|20|1|0|32|412.67;
885|15|17|2|15|9|10|6|8|51|457.32;
886|0|24|22|7|0|9|22|0|66|791.76;
887|3|11|2|19|24|0|10|0|22|184.4;
888|23|15|6|2|8|1|21|8|43|581.8;
889|8|8|9|15|15|15|10|10|27|299.23;
890|14|19|22|13|16|18|19|21|49|663.86;
891|16|10|12|6|0|16|0|4|57|630.72;
892|12|3|4|11|24|4|15|24|62|572.27;
893|21|10|6|18|12|7|21|9|78|862.07;
894|10|8|7|5|18|4|22|6|48|549.83;
895|3|15|11|19|13|6|2|9|62|862.56;
896|10|21|12|15|7|13|6|1|64|709.57;
897|4|15|0|14|19|9|11|18|46|478.94;
898|21|22|7|12|10|14|4|12|23|309.46;
899|22|21|6|14|16|7|18|7|16|202.85;
900|0|14|13|20|8|8|18|23|29|310.89;
901|4|7|15|19|7|15|22|2|63|554.65;
902|14|0|2|22|6|22|2|2|19|210.81;
903|18|16|0|9|20|24|18|12|56|617.21;
904|11|3|24|5|17|11|11|10|23|234.76;
905|18|0|8|0|19|2|5|14|48|504.13;
906|5|1|5|10|11|21|12|14|54|689.4;
907|9|22|5|13|9|11|2|0|61|605.1;
908|17|14|0|9|6|9|4|21|59|755.4;
909|13|13|4|6|6|16|0|15|67|616.61;
910|17|23|3|21|4|1|8|22|65|840.02;
911|14|14|16|9|17|24|20|23|78|865.14;
912|0|17|0|18|1|18|21|24|28|289.83;
913|10|14|3|21|19|11|5|11|58|787.36;
914|18|13|24|9|12|2|2|10|41|333.38;
915|7|2|4|11|5|19|21|5|25|352.79;
916|4|0|7|5|5|24|8|15|46|516.81;
917|20|7|8|22|6|6|7|14|77|1108.75;
918|14|8|23|4|0|18|12|5|17|252.02;
919|4|1|4|12|22|5|17|17|61|671.54;
920|10|22|19|6|8|3|23|21|19|227.41;
921|8|7|0|12|8|22|5|20|45|406.34;
922|18|17|17|2|8|14|5|21|79|797.29;
923|23|17|9|2|3|3|14|10|77|1140.85;
924|3|15|3|15|10|13|18|24|27|235.33;
925|6|12|22|10|9|3|4|6|57|509.48;
926|9|20|21|2|4|15|16|1|32|393.69;
927|10|13|0|16|21|24|13|11|63|615.96;
928|17|12|3|6|11|24|16|19|19|255.19;
929|14|20|3|16|24|20|7|21|44|537.52;
930|24|4|16|11|23|13|6|23|37|366.29;
931|16|16|21|12|3|1|10|11|39|380.16;
932|8|6|15|21|17|6|22|5|47|470.44;
933|21|24|10|22|3|10|15|4|77|1134.48;
934|16|9|6|13|24|14|2|1|41|482.7;
935|7|2|24|13|8|23|21|12|40|452.65;
936|6|0|14|13|3|19|21|9|37|396.74;
937|15|9|10|21|15|20|8|0|62|495.4;
938|5|21|1|17|15|2|1|12|26|380.36;
939|0|9|17|15|9|8|2|0|54|460.19;
940|21|1|2|4|11|10|21|8|79|944.2;
941|9|0|0|10|0|17|7|23|60|786.06;
942|2|14|20|12|5|8|4|0|78|932.83;
943|2|5|20|5|19|11|13|18|48|515.36;
944|3|20|12|14|22|22|0|12|18|172.52;
945|4|13|8|24|23|14|18|5|71|589.69;
946|0|24|14|1|3|10|11|23|54|729.03;
947|7|21|15|3|3|14|15|21|34|370.55;
948|14|15|20|17|16|0|8|12|77|709.88;
949|0|6|9|1|23|1|19|23|76|722.12;
950|24|12|24|16|14|12|0|6|55|712.46;
951|3|17|24|21|19|23|13|15|42|557.81;
952|3|21|8|20|7|13|24|23|38|421.03;
953|4|24|18|22|2|10|10|14|49|601.88;
954|17|13|17|17|18|7|23|19|17|187.14;
955|13|11|22|14|16|3|23|22|77|949.12;
956|20|3|17|23|5|16|12|11|74|773.73;
957|16|13|18|4|21|24|11|4|36|306.24;
958|10|0|8|3|16|8|14|18|53|654;
959|18|1|9|6|13|15|3|7|47|647.14;
960|23|14|9|3|23|5|5|18|38|310.54;
961|0|19|17|10|9|13|5|9|43|432.71;
962|11|2|6|21|17|17|21|7|75|582.21;
963|11|21|20|16|2|2|10|20|16|222.93;
964|16|10|21|7|0|2|7|15|70|697.87;
965|16|24|4|3|17|17|0|15|26|379.46;
966|2|15|1|20|8|6|19|21|60|597.15;
967|3|12|17|9|14|21|18|4|29|230.16;
968|22|21|2|21|19|23|3|9|25|301.39;
969|16|13|23|19|8|7|8|22|77|707.24;
970|8|0|4|8|6|2|21|16|36|430.94;
971|11|23|6|5|22|3|24|24|61|896.79;
972|5|21|14|9|7|11|18|9|67|562.57;
973|10|9|14|24|13|17|15|8|75|823.42;
974|23|0|6|16|6|22|0|16|37|547.28;
975|0|14|0|18|21|16|9|2|18|142.24;
976|23|7|7|8|1|15|22|22|16|164.61;
977|24|7|6|5|14|2|5|7|72|801.9;
978|21|8|17|22|15|1|22|9|79|951.78;
979|17|5|13|20|22|3|3|14|75|671.35;
980|20|1|4|13|8|0|5|17|47|403.52;
981|9|10|20|12|16|24|0|12|61|677.08;
982|13|17|1|24|17|0|6|20|70|889.63;
983|11|8|17|11|2|11|7|11|57|614.84;
984|6|9|5|23|10|16|5|15|41|410.35;
985|20|6|21|5|12|21|17|19|20|241.89;
986|23|1|9|2|1|9|0|12|39|552.16;
987|22|14|9|24|24|14|10|3|66|546.69;
988|20|2|0|12|4|15|21|20|59|738.8;
989|16|16|10|7|6|10|8|9|24|212.46;
990|0|7|23|22|5|4|19|15|53|781.25;
991|6|19|9|12|22|21|16|22|47|418.96;
992|16|2|21|10|1|6|12|20|75|757.17;
993|3|10|17|19|2|1|3|0|66|622.53;
994|12|15|1|6|17|7|3|17|41|490.77;
995|3|19|0|1|10|6|3|14|45|543.74;
996|9|23|8|7|3|4|6|19|70|685.87;
997|15|12|11|19|7|23|20|4|47|567.61;
998|20|0|4|13|5|11|18|4|51|701.46;
999|19|13|23|12|9|10|14|12|38|542.15;
1000|24|9|3|5|7|5|8|17|45|470.04;
1001|5|18|3|9|2|21|9|21|75|689.14;
1002|12|11|17|6|5|7|11|13|50|391.38;
1003|3|22|14|21|5|13|11|16|43|394.9;
1004|0|3|2|4|13|0|15|6|63|643.89;
1005|2|16|2|0|7|24|16|3|40|555.92;
1006|0|14|21|16|9|13|7|13|39|579.14;
1007|1|15|0|14|19|7|10|4|80|743.79;
1008|20|20|6|14|10|10|0|16|72|684.06;
1009|17|7|8|20|22|19|9|1|18|235.23;
1010|18|12|10|2|19|16|21|15|39|451.93;
1011|13|7|11|3|2|3|15|4|49|672;
1012|8|13|2|17|3|12|11|21|72|952.07;
1013|20|2|2|1|5|16|3|18|74|726.88;
1014|16|22|20|19|11|0|5|17|36|528.16;
1015|24|8|5|23|9|0|20|20|33|331.73;
1016|10|17|0|5|2|3|17|10|58|697.24;
1017|8|11|17|7|11|23|5|22|61|822.2;
1018|13|9|19|11|4|18|24|23|73|947.07;
1019|21|11|8|6|7|23|16|10|63|804.42;
1020|16|3|0|0|6|17|21|17|28|288.82;
1021|24|3|13|14|7|7|14|9|38|407.32;
1022|2|16|21|23|24|22|0|9|49|614.59;
1023|19|7|2|0|20|14|24|16|19|158.53;
1024|3|4|7|15|0|18|5|16|56|770.5;
1025|7|0|10|14|4|1|12|12|39|543.16;
1026|24|18|19|7|0|12|15|8|28|405.16;
1027|6|19|24|11|13|1|4|24|73|892.35;
1028|12|8|11|10|11|9|24|8|61|708.21;
1029|21|21|11|16|20|7|24|8|65|782.54;
1030|19|18|18|0|24|6|14|23|50|650.44;
1031|5|8|12|20|24|5|9|18|33|457.2;
1032|2|2|11|24|21|18|16|21|22|321.53;
1033|13|24|12|18|18|2|5|3|54|662.85;
1034|24|8|12|1|0|11|21|24|76|708.2;
1035|10|1|16|24|2|7|14|18|29|296.76;
1036|12|15|0|15|10|11|13|18|56|547.31;
1037|9|9|17|13|13|15|13|14|48|505.45;
1038|2|12|7|23|16|1|8|0|65|918.93;
1039|20|4|10|15|2|19|21|13|22|241.48;
1040|3|22|4|6|18|0|23|4|32|442.79;
1041|17|12|13|16|22|19|16|20|58|556.99;
1042|2|2|11|8|11|4|20|1|34|363.49;
1043|4|15|10|2|6|14|8|21|57|820.67;
1044|2|18|18|3|15|19|19|4|61|770.3;
1045|24|13|3|12|13|11|0|20|46|358.04;
1046|9|2|15|16|18|19|23|17|62|918.94;
1047|16|14|2|4|15|7|1|14|54|520.91;
1048|12|8|2|22|13|1|3|8|58|466.69;
1049|22|21|16|2|6|16|13|13|51|548.79;
1050|11|2|6|6|18|16|18|10|38|285.71;
1051|22|0|18|16|14|20|9|23|71|759.33;
1052|17|4|4|5|12|2|24|14|56|734.09;
1053|23|3|16|4|2|20|8|0|74|703.75;
1054|2|23|18|19|1|19|12|6|33|334.54;
1055|9|5|7|22|12|15|2|16|55|521.91;
1056|15|20|17|7|7|12|22|20|22|285.97;
1057|21|20|22|17|20|20|19|5|34|315.18;
1058|14|18|18|1|21|15|22|1|53|687.91;
1059|15|3|9|22|5|19|5|0|71|860.9;
1060|2|16|20|8|20|1|23|10|23|339.17;
1061|9|23|23|11|12|22|23|13|71|694.42;
1062|21|18|22|0|24|13|1|5|26|263.41;
1063|13|9|20|16|11|8|19|10|24|237.56;
1064|4|18|17|20|11|23|3|13|40|420;
1065|10|15|3|18|9|21|8|10|59|500.63;
1066|1|10|9|15|13|24|6|14|26|356.89;
1067|6|19|11|2|10|7|6|17|16|121.3;
1068|21|14|11|20|6|13|20|22|80|1184.43;
1069|21|15|9|11|5|13|1|6|80|723.44;
1070|24|4|9|11|24|14|11|22|48|380.31;
1071|7|24|17|16|2|12|7|1|68|616.6;
1072|5|15|10|12|12|23|4|19|21|295.69;
1073|2|6|12|13|11|5|11|0|66|624.59;
1074|12|7|3|21|14|24|23|24|29|364.61;
1075|6|12|7|8|16|7|5|18|36|406.09;
1076|9|3|10|20|11|24|6|3|29|414.26;
1077|11|1|11|24|22|1|9|22|17|151.32;
1078|10|13|5|6|8|14|8|20|48|679.3;
1079|16|5|17|2|6|16|6|6|77|1028.46;
1080|16|0|22|13|21|14|22|1|67|951.47;
1081|12|9|11|12|13|4|13|18|79|974.24;
1082|13|17|23|16|7|12|5|7|21|206.8;
1083|14|4|21|17|19|19|11|22|38|307.93;
1084|19|1|13|23|3|19|18|24|69|819.01;
1085|15|22|8|9|14|14|6|10|30|238.3;
1086|24|19|16|2|17|24|8|6|62|579.2;
1087|13|7|10|3|20|24|5|14|60|621.5;
1088|24|11|16|17|19|11|20|16|79|919.38;
1089|17|0|20|0|6|7|24|11|53|467.75;
1090|1|4|11|15|11|8|23|10|64|808.8;
1091|15|24|9|17|5|17|8|21|62|520.38;
1092|9|11|9|15|12|20|14|18|68|1020.31;
1093|9|10|24|15|12|22|2|8|62|654.37;
1094|3|23|12|16|21|15|9|19|61|758.57;
1095|11|9|5|13|17|13|4|2|61|569.91;
1096|14|20|9|13|7|15|14|0|53|597.82;
1097|16|19|2|23|18|6|20|13|55|495.86;
1098|6|16|21|17|23|1|23|17|50|467.27;
1099|16|1|15|24|7|18|15|4|55|576.31;
1100|8|3|9|10|12|16|18|12|29|409.79;
1101|12|5|15|5|11|2|3|19|60|622.6;
1102|9|24|21|19|11|2|9|5|29|431.21;
1103|22|22|13|21|7|18|15|7|19|146.29;
1104|14|23|5|6|11|6|13|5|24|295.75;
1105|12|16|18|24|15|2|19|16|30|291.48;
1106|23|0|15|19|24|13|6|24|28|249.55;
1107|19|24|23|24|14|4|15|23|20|223.51;
1108|22|13|24|9|5|21|15|22|73|1022.41;
1109|19|24|19|2|18|23|16|24|17|212.91;
1110|8|22|14|8|21|2|10|4|48|606.75;
1111|21|16|8|1|24|7|22|3|22|273.98;
1112|7|13|24|15|14|21|12|5|67|875.29;
1113|16|14|23|12|21|23|7|17|49|543.51;
1114|16|21|10|15|4|17|19|17|57|656.14;
1115|11|6|9|8|5|19|10|2|65|753.04;
1116|14|19|20|20|14|24|12|2|53|561.81;
1117|9|16|5|12|6|4|20|22|61|868.44;
1118|1|20|7|4|9|6|22|23|19|163.29;
1119|15|14|9|3|19|8|13|8|51|634.99;
1120|8|11|13|13|15|24|9|17|79|657.36;
1121|15|21|4|0|1|12|18|11|56|673.75;
1122|17|5|0|17|3|17|18|0|46|590.1;
1123|19|20|6|23|11|16|7|1|45|365.65;
1124|2|1|1|19|11|3|22|22|65|762.58;
1125|23|15|14|1|17|8|3|20|61|799.07;
1126|20|15|1|14|17|4|8|0|27|251.29;
1127|24|2|10|18|21|0|7|5|69|1022.56;
1128|16|2|24|21|23|13|4|22|75|768.8;
1129|5|3|0|18|24|22|20|11|22|272;
1130|1|3|19|16|8|2|17|22|43|474.07;
1131|21|14|16|5|6|8|13|3|49|518.36;
1132|0|10|7|17|9|19|20|23|77|789.55;
1133|24|19|9|24|20|17|7|7|47|594.63;
1134|10|5|4|0|24|16|18|0|76|881.76;
1135|21|22|14|16|6|8|16|5|36|335.59;
1136|24|4|10|8|20|5|9|9|21|272.91;
1137|7|2|23|23|24|24|23|3|19|263.41;
1138|3|18|21|5|19|5|16|5|59|698.36;
1139|20|10|11|13|6|12|6|21|61|699.38;
1140|13|23|9|1|9|8|18|8|18|192.33;
1141|3|17|16|5|8|17|22|22|35|483.77;
1142|13|23|19|6|15|24|15|21|20|260.43;
1143|1|21|24|18|12|7|5|23|54|695.29;
1144|18|14|9|21|11|18|14|24|46|366.87;
1145|10|10|4|18|0|7|16|10|54|568.52;
1146|9|10|5|13|3|11|13|4|26|369.71;
1147|20|2|2|3|8|16|18|4|76|851.13;
1148|23|11|6|22|9|22|19|7|77|763.22;
1149|22|12|9|3|9|22|23|17|61|877.87;
1150|0|3|19|12|10|3|0|18|55|589.65;
1151|24|6|21|2|11|13|11|2|70|580.63;
1152|17|17|19|2|19|7|18|18|80|980.69;
1153|1|9|2|23|17|19|19|13|22|173.08;
1154|0|12|22|24|11|0|23|6|28|342.96;
1155|14|12|14|5|15|10|14|9|31|443.51;
1156|20|10|3|15|9|22|0|5|18|138.86;
1157|2|17|13|8|5|1|19|17|23|248.01;
1158|1|8|24|5|15|5|14|9|47|384.93;
1159|12|3|23|2|20|15|4|2|48|371.69;
1160|23|3|0|1|9|21|12|15|44|541.48;
1161|11|24|14|8|5|10|17|15|45|400.08;
1162|18|10|21|16|13|22|21|24|76|583.25;
1163|9|20|2|20|8|1|1|10|60|869.35;
1164|13|16|11|21|8|18|18|8|35|270.61;
1165|3|22|17|22|23|23|12|0|25|306.28;
1166|0|19|9|0|12|8|15|5|56|617.95;
1167|0|2|11|12|17|11|0|13|27|373.37;
1168|22|13|13|17|14|12|22|16|39|585.3;
1169|24|12|18|18|2|22|15|19|72|636.08;
1170|13|23|19|7|4|12|13|2|69|729.85;
1171|20|20|20|3|22|19|0|21|45|388.9;
1172|17|14|3|3|6|21|20|14|69|569.57;
1173|19|4|4|2|15|19|19|23|69|900.49;
1174|23|24|8|16|17|22|1|3|57|516.49;
1175|10|4|24|10|19|0|10|13|69|647.42;
1176|0|11|17|5|11|11|16|23|74|865.87;
1177|8|5|3|17|22|15|13|21|42|420.69;
1178|20|1|3|6|6|1|6|18|79|950.6;
1179|18|14|15|0|15|4|9|7|57|828.87;
1180|8|1|1|14|19|5|10|6|52|779.1;
1181|11|7|11|4|9|19|17|19|75|930.91;
1182|21|23|3|9|18|9|11|0|47|494.35;
1183|19|0|17|5|20|13|17|23|37|452.07;
1184|7|8|6|2|7|24|11|8|33|344.5;
1185|16|17|5|6|21|19|11|24|51|457.67;
1186|16|11|13|20|4|17|17|11|60|608.59;
1187|15|24|1|5|0|8|16|1|77|848.35;
1188|2|23|3|19|0|15|0|7|72|756.59;
1189|14|21|3|15|7|2|5|2|20|298.41;
1190|6|18|19|13|9|17|13|24|43|585.82;
1191|24|1|21|21|5|14|9|16|27|304.7;
1192|12|21|4|17|20|1|24|6|28|409.11;
1193|1|6|18|8|21|22|18|21|80|931.3;
1194|5|6|22|6|22|12|20|12|57|701.43;
1195|17|23|20|7|0|13|24|16|62|468.13;
1196|11|23|7|2|16|1|3|14|22|265.53;
1197|8|24|16|22|17|17|20|2|33|392.35;
1198|0|13|24|17|18|8|15|3|30|363.84;
1199|19|0|14|11|23|13|9|24|36|448.31;
1200|9|13|22|4|24|19|3|22|57|622.33;
1201|3|19|2|3|17|19|18|19|22|187.76;
1202|4|10|6|15|10|20|19|22|56|452.17;
1203|21|2|4|13|1|19|8|12|39|305.08;
1204|13|20|21|0|24|13|17|16|41|353.83;
1205|16|6|14|16|8|16|4|23|22|254.08;
1206|5|0|20|10|22|9|11|24|49|698.68;
1207|16|9|14|3|12|12|1|8|63|918.63;
1208|21|5|4|9|1|7|13|3|46|606.75;
1209|16|18|5|22|18|11|0|9|68|577.91;
1210|9|24|6|21|0|2|13|10|23|187.7;
1211|13|21|20|1|22|1|0|5|58|467.31;
1212|14|20|12|18|1|9|8|10|23|292.84;
1213|22|13|16|11|11|19|17|22|64|935.63;
1214|8|24|1|3|15|17|17|20|26|256.94;
1215|0|20|22|5|2|1|20|19|35|352.5;
1216|6|6|13|24|22|6|15|12|54|583.21;
1217|4|5|20|8|7|1|0|21|32|310.6;
1218|23|23|20|8|3|3|2|18|30|425.48;
1219|15|13|5|21|19|23|1|19|80|926.48;
1220|19|19|2|13|23|22|18|11|20|265.78;
1221|9|11|20|6|16|12|23|19|62|675.35;
1222|7|2|6|22|15|10|1|2|20|155.89;
1223|17|21|11|1|5|18|18|6|57|718.66;
1224|5|15|4|5|15|2|22|2|74|1065.22;
1225|3|10|14|12|4|22|19|7|71|1004.9;
1226|19|2|24|2|11|3|5|5|25|195.97;
1227|14|23|19|12|13|14|7|20|41|518.34;
1228|9|9|14|3|1|15|15|20|37|376.92;
1229|5|8|11|11|1|0|3|6|25|225.5;
1230|19|2|1|14|18|19|3|18|34|377.23;
1231|17|0|24|14|22|20|10|12|59|526.12;
1232|2|7|12|2|16|10|16|7|48|435.85;
1233|9|5|7|24|22|4|6|3|37|352.32;
1234|19|17|2|18|19|1|5|23|38|338.41;
1235|4|11|9|13|17|9|6|24|25|353.15;
1236|0|15|17|17|19|5|20|18|69|698.3;
1237|9|4|23|5|24|19|3|4|46|566.33;
1238|17|14|21|0|19|10|9|15|46|480.93;
1239|4|9|9|8|12|21|15|17|48|436.8;
1240|15|10|13|15|19|22|21|2|17|171.58;
1241|12|20|3|20|3|15|13|21|80|891.48;
1242|7|9|24|5|0|18|19|15|53|573.06;
1243|0|15|5|17|10|3|0|17|18|165.35;
1244|3|19|14|6|11|21|21|4|46|545.31;
1245|7|19|18|11|14|0|18|6|32|448.22;
1246|20|12|18|21|23|5|17|7|79|990.92;
1247|11|14|23|12|5|24|5|20|18|194.12;
1248|11|18|22|18|19|19|19|11|68|643.29;
1249|12|7|6|13|19|8|23|21|57|853.94;
1250|22|6|20|15|10|19|4|18|28|301.9;
1251|24|16|7|6|2|6|2|10|21|197.32;
1252|10|12|24|17|17|18|10|19|32|389.02;
1253|18|10|20|10|10|24|9|23|24|323.58;
1254|15|14|22|6|3|1|20|6|60|677.47;
1255|1|17|12|23|15|22|5|7|35|307.95;
1256|7|6|4|13|16|19|8|9|46|554.76;
1257|1|10|15|6|16|22|22|16|29|220.98;
1258|0|23|14|16|9|2|21|21|27|391.18;
1259|6|1|19|18|4|20|1|20|40|365.34;
1260|4|2|21|14|15|10|11|9|61|636.41;
1261|8|4|12|16|0|24|10|8|39|523.97;
1262|1|5|11|23|24|9|18|19|35|298.39;
1263|22|11|6|9|19|2|3|9|62|851.96;
1264|15|6|15|19|1|2|21|4|50|558.45;
1265|17|0|6|13|14|20|3|6|24|319.56;
1266|4|24|16|4|23|20|0|22|61|512.71;
1267|21|16|11|13|16|11|7|10|50|448.44;
1268|9|12|20|23|13|24|10|15|73|598.64;
1269|12|3|11|0|16|13|17|12|55|740.34;
1270|2|6|4|10|21|5|14|12|47|582.06;
1271|13|18|17|9|9|16|4|19|59|587.16;
1272|15|2|20|7|7|7|9|4|73|762.93;
1273|13|3|8|10|3|12|15|3|57|716.4;
1274|6|23|9|18|5|8|2|24|41|479.01;
1275|21|19|8|13|14|6|21|18|72|705.31;
1276|6|21|13|0|8|4|11|19|40|494.2;
1277|4|4|14|21|18|24|8|23|48|522.61;
1278|7|23|22|8|20|14|3|13|63|805.76;
1279|7|2|17|6|23|1|11|5|56|641.2;
1280|2|16|5|19|24|20|1|21|73|645.28;
1281|24|8|2|23|22|20|19|16|55|753.89;
1282|17|0|19|22|24|8|2|1|25|238.06;
1283|11|10|11|6|17|17|16|4|16|135.77;
1284|3|16|0|11|19|9|3|12|20|237.88;
1285|1|15|22|9|9|3|10|19|75|779.96;
1286|1|12|9|6|21|15|18|17|58|645.01;
1287|5|15|12|14|24|4|19|7|64|840.75;
1288|6|4|6|8|5|9|9|12|52|761.89;
1289|23|22|10|5|11|6|1|5|80|835.84;
1290|5|2|16|12|22|15|13|11|66|499.5;
1291|15|9|13|0|2|23|2|20|46|647.66;
1292|17|5|23|18|14|19|5|17|47|657.01;
1293|15|22|23|10|12|13|17|3|53|707.82;
1294|2|5|13|22|1|14|24|23|43|533.02;
1295|12|15|22|6|4|18|15|12|76|842.19;
1296|5|15|20|12|18|5|15|21|55|440.76;
1297|23|0|11|4|18|21|10|18|24|309.16;
1298|3|24|19|6|19|19|22|17|66|565.71;
1299|7|16|6|13|13|8|2|12|67|716.6;
1300|9|11|22|23|19|0|4|3|55|520.74;
1301|2|8|20|7|15|2|7|12|65|910.03;
1302|15|23|3|16|4|6|14|15|49|691.91;
1303|9|0|21|3|15|6|16|2|31|276.9;
1304|2|23|5|12|22|15|16|17|60|785.62;
1305|19|1|18|6|1|8|20|3|54|633.13;
1306|10|21|8|12|6|21|17|18|49|700.11;
1307|13|10|6|7|15|12|7|5|39|503.23;
1308|18|6|5|13|10|16|5|14|66|954.15;
1309|7|12|5|2|23|7|21|15|69|614.79;
1310|6|12|7|7|0|3|24|3|54|449.39;
1311|0|17|12|11|15|18|1|8|19|257.87;
1312|5|7|3|6|18|1|5|0|50|686.46;
1313|3|7|7|20|23|0|5|0|61|490.2;
1314|6|4|8|16|5|17|15|13|56|822.98;
1315|22|17|13|20|7|13|21|4|58|531.33;
1316|23|22|4|17|8|22|22|8|62|547.46;
1317|11|5|16|21|16|6|6|13|50|490.71;
1318|18|7|15|24|10|13|22|19|31|279.67;
1319|15|1|7|19|15|23|23|0|60|900.37;
1320|1|15|0|17|20|0|1|23|36|356.67;
1321|0|9|24|6|3|2|8|24|80|1076.9;
1322|24|14|2|19|5|1|0|16|47|456.21;
1323|8|22|19|10|5|19|21|14|66|948.02;
1324|21|7|15|21|17|8|23|9|43|332.15;
1325|5|23|11|24|2|4|11|21|30|319.41;
1326|8|1|17|11|16|7|24|20|79|819.62;
1327|8|18|24|20|6|20|20|5|49|382.78;
1328|21|8|8|19|15|2|5|17|72|1078.47;
1329|5|14|18|13|24|0|18|3|22|278.25;
1330|21|16|22|2|23|5|14|2|73|830.27;
1331|5|22|2|18|10|5|10|7|36|421.83;
1332|18|2|8|18|7|7|17|22|42|343.2;
1333|12|18|10|10|1|20|3|2|42|355.12;
1334|10|19|19|14|4|13|17|7|60|679.71;
1335|4|6|13|3|1|4|13|0|53|457.8